[]
Default GPU Device: 
True
[name: "/device:CPU:0"
device_type: "CPU"
memory_limit: 268435456
locality {
}
incarnation: 707191214487154869
xla_global_id: -1
]
max_length:  13
[[ 49.         108.           0.99632353]
 [ 47.          94.           0.99264705]
 [ 45.          66.           0.9852941 ]
 [ 28.          36.           0.97794116]
 [ 33.         107.           0.97794116]
 [ 29.          91.           0.97794116]
 [ 20.         119.           0.97426468]
 [ 35.          66.           0.97058821]
 [ 39.          88.           0.97058821]
 [ 38.          32.           0.94852942]]
First optimal bee:  [ 49.         108.           0.99632353]
Iteration========================== 0
[[ 49.         108.           0.99632353]
 [ 47.          94.           0.99264705]
 [ 45.          66.           0.9852941 ]
 [ 28.          36.           0.97794116]
 [ 33.         107.           0.97794116]
 [ 29.          91.           0.97794116]
 [ 20.         119.           0.97426468]
 [ 35.          66.           0.97058821]
 [ 39.          88.           0.97058821]
 [ 38.          32.           0.94852942]]
[[ 49.         108.           0.99632353]
 [ 44.          65.           0.99632353]
 [ 47.          94.           0.99264705]
 [ 49.          79.           0.99264705]
 [ 28.          35.           0.98161763]
 [ 33.         107.           0.97794116]
 [ 29.          91.           0.97794116]
 [ 13.          93.           0.97426468]
 [ 21.         105.           0.97058821]
 [ 22.          46.           0.97058821]]
Final optimal bee:  [ 49.         108.           0.99632353]
Iteration========================== 1
[[ 49.         108.           0.99632353]
 [ 44.          65.           0.99632353]
 [ 47.          94.           0.99264705]
 [ 49.          79.           0.99264705]
 [ 28.          35.           0.98161763]
 [ 33.         107.           0.97794116]
 [ 29.          91.           0.97794116]
 [ 13.          93.           0.97426468]
 [ 21.         105.           0.97058821]
 [ 22.          46.           0.97058821]]
[[ 49.         108.           0.99632353]
 [ 44.          65.           0.99632353]
 [ 47.          94.           0.99264705]
 [ 49.          79.           0.99264705]
 [ 29.         113.           0.98897058]
 [ 28.          35.           0.98161763]
 [ 33.         107.           0.97794116]
 [ 28.          57.           0.97426468]
 [ 41.          36.           0.97058821]
 [ 22.          73.           0.96691179]]
Final optimal bee:  [ 49.         108.           0.99632353]
Iteration========================== 2
[[ 49.         108.           0.99632353]
 [ 44.          65.           0.99632353]
 [ 47.          94.           0.99264705]
 [ 49.          79.           0.99264705]
 [ 29.         113.           0.98897058]
 [ 28.          35.           0.98161763]
 [ 33.         107.           0.97794116]
 [ 28.          57.           0.97426468]
 [ 41.          36.           0.97058821]
 [ 22.          73.           0.96691179]]
[[ 49.         108.           0.99632353]
 [ 44.          65.           0.99632353]
 [ 47.          94.           0.99264705]
 [ 49.          79.           0.99264705]
 [ 29.         113.           0.98897058]
 [ 42.          37.           0.98897058]
 [ 27.          34.           0.9852941 ]
 [ 45.         110.           0.9852941 ]
 [ 40.         102.           0.9852941 ]
 [ 19.         103.           0.98161763]]
Final optimal bee:  [ 49.         108.           0.99632353]
Iteration========================== 3
[[ 49.         108.           0.99632353]
 [ 44.          65.           0.99632353]
 [ 47.          94.           0.99264705]
 [ 49.          79.           0.99264705]
 [ 29.         113.           0.98897058]
 [ 42.          37.           0.98897058]
 [ 27.          34.           0.9852941 ]
 [ 45.         110.           0.9852941 ]
 [ 40.         102.           0.9852941 ]
 [ 19.         103.           0.98161763]]
[[ 49.         108.           0.99632353]
 [ 44.          65.           0.99632353]
 [ 47.          94.           0.99264705]
 [ 49.          79.           0.99264705]
 [ 29.         113.           0.98897058]
 [ 42.          37.           0.98897058]
 [ 27.         116.           0.9852941 ]
 [ 37.          49.           0.97058821]
 [ 13.          90.           0.97058821]
 [ 17.          14.           0.93382353]]
Final optimal bee:  [ 49.         108.           0.99632353]
Total time for BA:  5385.833716630936
